Month Year      USD price
06    1992      2.19
06    1993      2.28
06    1994      2.30
06    1995      2.32
06    1996      2.36
06    1997      2.42
06    1998      2.56
06    1999      2.43
04    2000      2.51
04    2001      2.54
04    2002      2.49
04    2003      2.71
05    2004      2.90
06    2005      3.06
01    2006      3.15
05    2006      3.10
01    2007      3.22
06    2007      3.41
06    2008      3.57
07    2009      3.57
01    2010      3.58
07    2010      3.73
07    2011      4.07
01    2012      4.20
07    2012      4.33
01    2013      4.37
07    2013      4.56
01    2014      4.62
07    2014      4.80
