Columns are: ball1, ball2, ball3, ball4, ball5, ball6, number of winners, jackpot share per winner.
If there is no winner, the jackpot rolls over to the following draw.
3 5 14 22 30 44 7 839254
6 12 15 16 31 44 4 1760966
11 17 21 29 30 40 0 0
26 35 38 43 47 49 1 17880003
3 5 9 13 14 38 2 3403310
2 3 27 29 39 44 1 7789557
9 17 32 36 42 44 1 6554085
2 5 21 22 25 32 0 0
7 17 23 32 38 42 133 122510
6 16 20 30 31 47 7 1373571
4 16 25 26 31 43 4 2293628
1 7 37 38 42 46 1 10350387
15 18 29 35 38 48 1 9015108
16 19 21 29 36 45 9 987022
5 8 10 18 31 33 1 7056280
11 12 17 26 36 42 1 8807149
2 13 22 27 29 46 2 6527880
9 18 19 24 31 41 2 3987786
4 17 41 42 44 49 0 0
22 25 30 32 41 43 2 11135712
14 17 22 24 42 47 3 2691547
1 4 6 23 26 49 4 2442406
8 18 20 33 36 38 0 0
9 15 22 31 34 48 14 1355975
5 14 17 35 43 48 3 3097415
7 16 25 26 28 41 3 2842118
15 16 17 28 32 46 0 0
12 13 25 37 44 45 3 6624951
1 21 29 31 32 40 0 0
12 15 26 44 46 49 1 22590829
27 30 33 38 40 48 7 1481262
5 15 21 42 43 45 1 9896801
5 7 8 25 44 48 0 0
1 3 11 14 20 40 1 20088838
1 4 20 31 41 43 4 2803919
2 3 21 22 23 40 4 2501994
28 34 41 45 46 49 3 3791092
1 8 25 30 35 45 2 5128025
11 25 28 33 34 47 0 0
5 8 23 24 28 48 5 3822330
16 18 21 27 38 41 4 2234759
1 15 22 28 40 49 7 1420508
2 12 20 22 41 45 0 0
2 10 14 25 37 41 8 2681192
5 10 19 24 34 46 10 963820
10 11 29 32 33 40 1 9981262
10 22 28 30 36 37 3 3089417
4 5 9 25 30 47 5 1891543
2 6 17 19 21 47 3 2991262
7 16 27 33 35 44 5 1594352
6 14 18 27 44 48 3 2798623
7 10 23 28 30 48 5 1700159
4 7 18 33 45 48 20 425503
16 23 28 30 42 46 3 3338805
15 16 19 26 35 46 1 10613401
5 11 12 26 29 33 3 2704666
7 8 23 28 35 49 1 8214495
6 11 34 40 47 49 0 0
6 32 39 42 43 45 0 0
2 3 4 13 42 44 3 14002870
21 29 31 32 34 48 0 0
5 23 25 30 33 37 0 0
16 17 38 41 42 43 4 10055900
2 9 22 26 32 44 6 1625476
4 11 14 15 28 42 6 1549049
4 14 15 16 18 22 5 2064154
2 5 7 24 35 44 4 2237965
9 11 12 24 41 45 2 5222976
14 16 29 30 37 45 8 1325202
2 12 19 28 38 48 57 145859
5 7 14 18 30 43 9 877907
12 26 27 28 37 49 0 0
1 4 6 14 17 38 5 4245315
23 38 40 44 47 49 3 3836607
9 28 29 31 40 48 2 5185306
4 6 11 18 31 48 0 0
6 25 26 33 34 47 2 10903198
7 10 12 22 34 48 8 1115190
4 12 13 33 40 46 1 10248233
8 20 26 34 42 43 5 2054754
24 35 36 37 39 45 2 5828608
11 15 17 25 32 46 2 4907708
13 18 25 44 46 47 0 0
3 4 7 11 17 40 9 2159561
4 17 27 34 35 46 2 5212073
13 26 43 44 45 47 0 0
5 10 11 12 41 42 12 1825101
6 14 20 25 34 44 7 1426747
2 13 19 21 32 45 4 2403240
13 17 26 28 31 36 4 2430398
3 23 36 38 41 45 2 5275991
2 28 33 39 42 44 1 8944124
8 11 14 18 33 44 7 1095100
3 5 14 27 44 47 7 1217493
5 13 15 18 32 44 5 1626411
2 9 10 11 38 48 5 1955576
7 8 12 30 35 41 1 10101049
19 23 26 31 36 39 4 2657056
6 9 25 45 47 48 2 5439681
15 16 25 30 39 45 1 10679645
10 13 31 34 39 48 0 0
1 3 9 20 30 35 7 3360982
7 23 32 35 43 48 11 860652
8 24 27 41 43 49 3 3487052
1 5 16 18 37 42 4 5522130
16 33 34 43 46 49 1 11713905
4 5 12 25 26 49 3 3213822
6 13 17 22 42 47 4 2239449
12 24 33 34 42 47 7 1302249
5 26 35 38 42 45 1 10333522
8 10 20 27 31 39 8 1225265
11 13 14 27 40 41 10 1016676
4 11 16 18 35 43 5 1964980
3 21 22 26 31 48 3 3512275
1 24 28 31 35 47 0 0
12 16 20 28 36 48 9 2512517
9 25 28 29 31 35 3 3333333
9 13 27 30 36 47 4 2208421
5 14 23 29 38 45 18 555556
7 14 21 34 38 47 19 427144
9 11 19 36 39 41 1 7000000
1 5 8 9 23 27 8 916915
2 34 36 38 44 46 2 3500000
2 8 23 33 42 49 20 408500
7 12 20 24 28 43 1 3400685
5 12 20 29 39 42 15 552002
3 4 5 16 22 25 2 1667110
7 24 37 39 40 43 6 1508273
13 16 17 29 40 48 0 0
14 27 39 40 41 43 3 4662084
24 33 42 43 44 47 0 0
17 19 31 36 39 40 6 2352326
5 10 17 25 40 43 2 1726777
1 3 28 31 41 46 2 4963025
6 22 35 42 45 49 2 1961005
9 27 29 37 42 44 8 860199
3 6 9 19 37 48 2 1666114
1 14 16 25 32 37 2 4772183
8 12 17 23 34 43 5 583895
6 10 14 25 27 38 6 1331391
8 10 16 17 24 40 1 3272499
6 20 29 31 35 40 1 9512277
12 19 28 31 34 43 14 229264
12 19 22 23 25 44 2 3632327
2 8 16 21 29 37 7 491003
2 9 13 18 27 48 5 1324408
5 8 21 38 39 49 0 0
3 21 23 25 26 33 1 12353263
3 19 24 25 36 48 4 925659
2 5 9 28 29 45 5 1448508
18 19 21 30 34 44 0 0
12 14 21 25 30 40 5 2504352
10 31 33 40 42 44 0 0
3 8 10 16 43 44 3 4560190
4 14 19 23 25 48 4 1250000
1 17 26 27 30 44 3 2841727
12 17 27 28 38 40 3 1666667
2 9 14 36 43 48 0 0
6 10 18 22 41 45 2 7189462
1 4 11 36 43 44 0 0
3 5 13 22 24 43 5 2640252
4 9 27 37 44 45 2 3687158
8 18 23 26 35 45 1 5000000
7 19 36 44 45 47 2 3967770
4 11 21 27 28 34 2 2500000
9 15 20 27 30 41 3 2733831
3 6 12 19 44 45 1 5000000
2 16 28 37 43 47 5 1664521
3 5 6 20 45 49 0 0
1 18 20 25 30 31 3 4774205
5 10 17 29 41 43 3 1666667
2 9 19 20 38 49 4 2070655
8 20 27 28 36 41 1 5000000
4 10 25 36 44 47 9 901578
1 7 22 25 31 47 2 2500000
6 20 30 33 38 46 1 9461240
10 14 22 30 38 43 0 0
20 31 32 35 43 45 1 5000000
1 2 5 31 32 40 2 4582214
7 20 21 22 40 44 1 5000000
9 30 38 40 43 44 0 0
12 14 29 31 32 44 0 0
15 21 29 32 33 40 5 5435165
8 12 17 35 38 49 3 1666667
12 19 28 36 40 46 4 2176972
3 4 7 23 34 43 8 625000
15 17 18 27 34 40 1 8548888
11 17 30 35 39 45 1 5000000
4 9 25 28 32 46 4 2140253
1 8 9 14 24 35 3 1351167
10 21 27 38 40 44 4 2021318
2 4 25 32 33 45 1 4295614
9 10 14 16 37 39 3 2945989
1 4 6 9 32 38 4 1012358
5 24 34 37 40 48 0 0
3 6 8 27 36 45 2 7385490
11 14 23 32 34 35 3 3333334
22 27 33 42 46 47 4 3750000
8 14 24 28 39 45 13 1923077
5 11 19 23 24 47 11 354826
2 8 21 29 46 47 1 9404844
1 8 36 39 47 49 0 0
5 9 19 21 30 49 6 2214493
4 17 22 29 38 48 3 1333546
3 4 11 14 30 32 2 4060995
17 35 36 43 46 49 0 0
1 2 7 26 34 38 2 12500000
5 6 11 29 36 41 2 2491514
14 21 28 31 40 46 3 2868377
8 13 18 21 23 29 6 709579
1 13 26 28 35 45 3 3074175
7 14 25 32 36 38 2 2121273
3 10 11 27 47 49 3 2795741
20 27 28 31 33 41 0 0
14 31 33 38 46 48 4 3951182
5 12 24 35 36 38 2 2094212
1 4 6 14 24 49 8 1055171
4 12 15 31 32 47 2 2243999
17 22 30 40 46 48 2 4889466
13 17 32 35 42 45 4 1116238
9 25 27 31 42 45 5 1579211
11 32 38 42 46 49 0 0
8 13 14 17 20 28 6 2168363
1 5 10 13 25 32 3 1242466
2 16 25 27 37 45 7 1253926
9 21 27 36 42 48 4 1029331
1 7 15 18 30 31 7 1149673
6 28 30 34 41 45 1 4796128
4 11 14 39 43 44 2 4020964
16 22 23 28 33 37 3 1400773
2 15 18 26 36 38 6 1470905
12 25 31 39 46 47 1 4627218
2 15 23 26 41 43 5 1795989
1 6 10 25 31 45 4 990884
11 13 23 28 29 37 1 7248380
1 2 24 36 37 38 0 0
5 19 24 33 38 48 4 3500186
9 22 37 41 43 47 1 4317519
7 10 31 35 43 44 1 8235083
1 12 18 26 29 36 3 1335604
1 13 29 31 33 42 4 2052421
3 7 9 10 12 37 0 0
17 22 36 38 43 48 5 2601837
12 15 28 34 36 40 4 2500000
2 4 16 24 29 49 1 8355262
6 7 14 19 22 27 1 2955369
2 9 25 26 35 40 2 4242902
3 13 16 23 41 42 0 0
2 4 6 10 34 44 4 2969954
11 15 31 35 36 42 0 0
8 20 24 35 43 47 2 10000000
8 13 15 26 39 42 6 1666667
2 3 14 29 38 40 4 2092545
1 17 18 23 33 41 1 4187442
1 15 23 31 42 48 5 1728751
2 9 26 28 33 46 1 4117415
2 7 10 15 27 45 6 1171468
2 10 16 17 20 27 2 1796487
1 14 27 31 38 47 7 1182337
2 14 19 25 26 33 2 1885457
7 9 11 23 30 43 6 1024299
17 18 28 40 44 46 0 0
9 15 25 29 32 49 2 6549349
12 13 21 23 33 36 2 7500000
3 14 23 30 39 43 12 1666667
1 15 23 31 35 39 0 0
3 11 20 33 42 44 12 1014313
28 34 38 39 46 47 1 4885147
18 25 36 38 43 44 4 2016209
1 7 23 29 38 48 2 1972153
12 14 31 41 48 49 1 9316974
13 35 38 40 42 47 1 4550122
2 5 17 21 45 47 6 1278900
12 21 23 25 44 49 3 1327259
3 5 15 22 31 35 8 881786
5 27 34 44 46 48 2 2061475
2 10 11 27 32 38 5 1500600
3 20 26 27 30 43 2 2034238
10 12 37 42 44 45 3 2647377
7 19 27 33 39 43 16 202501
9 10 11 27 42 47 5 1425455
1 2 9 27 28 32 0 0
3 15 23 25 28 33 1 11037408
18 25 28 36 40 45 2 2045222
24 26 27 28 34 40 0 0
9 11 14 26 28 39 1 13951322
6 15 18 29 35 40 7 1180160
10 12 14 28 31 38 0 0
1 11 18 19 22 32 2 6048499
2 12 24 29 30 33 1 3950249
11 13 21 26 43 46 4 2097214
1 2 5 15 41 45 3 1407070
3 25 36 37 41 45 1 8904558
3 11 15 41 42 48 1 4332863
6 8 15 23 26 41 4 1890394
1 2 7 17 31 49 3 1276255
5 9 12 14 18 38 3 2013869
2 9 11 23 24 42 1 3153555
13 24 25 31 32 44 4 1805652
5 11 19 25 29 49 4 856648
7 11 12 17 23 39 2 3086921
2 8 12 30 35 47 2 2102691
7 9 17 22 38 49 8 3125000
4 8 30 37 39 43 0 0
4 25 26 30 37 45 1 14003369
7 11 16 28 37 49 4 943617
4 7 23 26 27 35 2 3627226
1 7 39 40 45 49 2 2344445
26 28 38 39 41 46 1 9110738
11 19 20 24 29 40 0 0
9 10 18 25 28 48 5 2372249
4 12 18 30 38 47 4 1030840
2 8 11 32 35 41 1 7724025
3 13 18 24 34 49 3 1443163
4 31 33 38 41 46 1 9305051
2 11 18 21 23 47 2 1913864
1 15 23 34 37 40 2 4450917
6 25 27 35 42 48 5 846757
11 26 28 32 41 42 2 4087882
4 8 14 19 28 40 1 3486888
1 8 10 17 32 47 1 7868414
2 3 6 20 21 22 5 791944
7 19 32 37 40 44 6 1234612
3 16 18 24 39 47 2 2099218
2 17 23 38 40 49 5 1639450
2 20 21 33 35 49 2 2308071
5 23 26 27 47 49 1 8198811
2 22 31 32 40 42 3 1396407
3 9 17 23 29 40 11 548691
2 3 13 27 34 48 3 1268912
1 7 13 15 38 43 0 0
20 22 24 25 36 40 2 7137522
8 32 33 37 43 47 3 2773403
8 18 27 32 36 49 4 1038923
1 2 15 17 24 44 5 1475972
1 7 29 38 45 46 0 0
13 17 25 29 45 49 3 4474239
13 21 27 32 45 48 3 1464196
9 25 30 36 44 48 2 3837894
1 5 12 24 26 38 4 892449
3 7 9 15 40 43 1 6775713
10 15 23 27 29 46 1 4074606
10 18 25 32 35 36 2 4041107
5 9 12 25 30 32 6 507371
3 16 28 29 41 46 1 8185387
3 12 22 31 44 46 6 628457
3 8 11 25 46 47 5 1539217
15 23 24 36 43 49 1 4381725
7 20 24 31 33 40 8 2500000
7 13 17 22 39 44 8 392465
1 12 24 31 33 47 5 1575878
8 9 26 29 38 47 3 1291104
4 14 18 24 27 40 5 1379096
1 2 5 27 38 49 2 1852544
8 11 14 24 26 49 4 1857330
14 22 26 29 33 46 0 0
3 7 9 12 43 44 3 3537306
17 23 27 34 36 37 2 1914082
11 20 24 28 35 48 1 8169785
8 10 12 34 46 48 0 0
3 18 21 23 36 49 5 2478953
17 21 25 37 38 45 2 2017769
4 6 20 24 41 42 3 2564693
8 11 18 30 33 43 7 485565
2 17 18 23 30 40 46 152431
2 14 19 25 32 49 2 1915492
11 17 28 36 42 44 6 984033
4 6 8 41 43 44 5 794435
5 7 15 26 35 40 5 1295264
1 15 21 37 41 42 2 2819921
3 15 23 42 45 48 6 3333334
12 17 26 32 33 46 2 2047618
8 25 26 37 38 48 2 3789911
3 14 30 32 46 49 1 4270241
12 26 27 32 46 49 2 4027228
3 4 9 29 31 36 2 1717743
4 7 19 22 24 46 1 6426302
1 15 22 38 39 48 0 0
1 9 18 24 38 44 10 1150973
6 8 13 34 38 45 0 0
12 15 16 17 42 48 2 6412050
1 8 20 22 36 48 2 2043839
6 14 15 17 27 47 1 6862953
3 5 19 27 39 49 4 805099
3 5 7 10 14 20 16 625000
8 10 17 22 36 38 3 1174183
2 4 16 21 29 46 3 3333334
9 14 27 30 32 49 2 1888730
5 11 15 18 23 33 4 2500000
6 16 21 28 37 44 3 1182488
18 20 26 30 43 49 2 5000000
1 3 8 33 39 43 2 1839223
3 14 28 37 38 49 1 7173623
9 13 19 21 30 45 2 1717632
8 15 26 29 38 46 11 679053
3 19 23 29 33 34 0 0
11 25 27 31 40 41 7 1650050
9 18 27 29 33 43 5 589823
4 8 10 15 25 39 3 2285582
4 9 13 22 25 32 4 782534
10 15 17 27 44 47 2 3270282
3 22 25 31 35 37 1 3988576
8 10 23 34 36 46 4 1968546
2 10 18 19 28 35 2 1644192
7 10 21 28 29 39 1 6240358
2 6 23 31 33 36 1 3874853
7 9 15 20 29 34 4 5000000
1 12 16 33 34 44 1 3870801
8 10 22 46 47 49 1 8252958
28 36 37 38 42 47 2 2086339
16 23 25 31 35 47 2 3885603
7 10 11 26 31 33 0 0
5 9 27 37 43 46 2 5451939
4 9 16 35 43 44 3 1206594
6 7 12 13 18 29 8 715422
29 32 39 46 47 49 0 0
16 26 33 36 39 47 1 4268328
2 5 14 23 27 48 5 1170389
5 22 25 30 31 33 0 0
13 18 32 34 39 41 0 0
3 10 14 17 19 27 9 3394909
10 12 16 17 31 47 4 1917412
4 16 17 43 46 48 3 1507221
7 9 10 40 41 44 1 7649520
6 14 21 28 41 43 2 1898686
5 7 17 21 27 48 7 798238
10 30 31 32 39 42 1 4358085
21 38 40 46 47 49 0 0
3 6 14 19 32 41 2 7250009
4 6 12 17 18 19 8 759240
6 7 12 16 19 42 2 1629779
1 5 11 32 43 46 1 7722697
11 17 18 20 39 47 2 2085100
3 5 6 8 16 45 3 2256602
4 8 10 12 15 30 6 518355
11 13 19 26 28 47 2 3328225
6 18 22 32 36 46 1 4094127
7 12 37 42 46 49 0 0
7 12 25 28 30 40 6 2078381
5 8 15 16 22 39 4 1618357
6 18 20 33 36 40 0 0
15 22 23 27 32 37 3 4101552
11 18 20 23 28 32 0 0
3 11 19 25 29 30 10 1029345
2 3 7 10 40 48 0 0
18 23 30 46 47 49 4 3425000
9 12 19 22 26 34 8 1875000
2 23 28 31 46 48 2 10000000
1 3 7 19 29 44 4 709743
26 31 35 43 48 49 1 8890009
4 9 14 28 36 39 3 1173498
15 16 19 27 29 42 2 3351326
5 6 24 36 38 48 1 3974333
2 3 30 31 41 45 1 8030633
10 18 29 37 38 46 0 0
6 30 35 42 44 45 0 0
1 10 11 15 21 48 4 4976681
7 11 18 21 25 44 3 1670691
6 8 21 36 38 46 1 4225710
21 23 33 34 43 45 4 1845433
1 11 14 19 38 44 1 3563374
3 8 19 35 36 48 2 3613545
2 5 20 24 28 39 3 1230129
1 14 15 35 44 47 1 7840923
4 7 23 24 26 38 2 1668340
4 22 24 25 40 43 2 3681058
1 10 24 33 37 46 1 4190283
6 9 32 34 42 48 1 7033499
8 10 27 38 40 46 1 3844344
11 16 22 39 42 48 0 0
6 11 19 23 25 28 7 1653375
21 30 35 38 41 46 0 0
4 12 21 27 41 49 1 13852529
1 2 7 35 39 44 4 1887001
16 23 31 33 38 41 0 0
13 16 43 45 47 48 3 4384106
2 28 29 40 43 47 0 0
29 30 33 37 45 48 3 4420958
26 35 38 39 44 46 0 0
1 3 35 37 39 48 1 13861061
10 14 32 35 36 43 1 4405206
6 31 35 36 43 46 5 1658320
11 24 33 34 37 45 1 4236992
5 22 34 38 43 46 0 0
3 31 32 37 38 47 1 13667156
4 11 16 29 34 35 3 2516345
13 21 24 38 40 41 5 858629
11 12 21 31 36 40 2 3657420
6 7 11 23 32 44 1 3011065
3 4 24 25 35 43 2 3691268
14 20 25 32 47 49 2 2213083
4 22 23 26 42 47 1 20000000
7 25 30 34 38 39 1 4218266
6 16 18 32 35 45 5 1580903
4 10 24 28 40 47 0 0
12 15 27 32 40 44 3 3860394
10 14 19 43 46 49 2 2149426
1 6 20 28 31 45 3 2440578
6 10 19 30 34 41 1 3852251
7 22 31 37 38 40 2 3552263
4 6 11 19 32 36 3 1132204
8 14 15 18 24 44 3 2035299
6 9 13 14 26 38 0 0
1 13 14 23 31 47 1 11375130
4 9 20 23 38 45 1 3869948
2 8 17 29 33 44 32 625000
2 5 9 16 27 43 5 597115
18 23 28 34 35 47 2 3757947
13 19 28 31 41 44 2 1790952
6 9 11 21 27 43 4 1409945
4 12 20 23 31 33 3 1129528
3 6 20 42 43 48 2 3789066
7 19 28 30 33 37 1 3261937
2 19 28 37 46 47 2 3550424
6 10 13 19 27 47 2 1515154
11 16 25 31 32 33 2 3458630
3 12 23 34 38 39 0 0
17 21 26 29 34 39 2 5841699
5 8 39 41 46 49 0 0
2 16 17 23 37 38 5 2355057
9 24 26 36 37 42 3 1260549
1 7 16 18 38 47 2 3379718
5 6 16 17 19 22 4 767903
6 16 23 34 35 40 2 3779162
10 14 15 23 24 27 3 1121109
12 23 28 34 36 40 3 6666667
10 13 24 31 36 47 2 1963348
13 17 22 41 43 47 3 2357785
10 11 28 29 31 39 1 3477414
4 12 15 39 45 47 1 7343612
1 16 33 36 38 45 0 0
2 15 16 17 25 26 5 2316156
2 5 33 37 40 45 1 4027455
7 9 12 17 20 32 0 0
3 10 23 27 30 32 2 4934298
10 14 31 35 40 45 1 7704670
8 10 24 30 40 44 1 3506834
1 3 12 28 29 41 5 1304130
4 9 12 13 22 32 5 567052
7 14 20 24 38 48 8 830568
3 12 30 33 40 49 2 1868214
2 4 12 21 36 37 5 1345576
1 5 8 31 37 38 1 3684607
1 3 15 26 45 46 2 3702577
11 22 27 34 39 42 4 834668
6 25 31 32 42 43 4 5000000
2 25 34 35 36 39 0 0
22 23 26 34 37 44 1 11758561
10 16 23 24 28 45 0 0
9 19 30 32 34 44 2 5460505
2 19 37 38 44 49 1 3704201
7 24 35 41 42 47 2 3495307
30 35 41 44 46 49 0 0
12 20 23 26 33 46 4 3022846
10 11 24 35 40 44 0 0
2 25 33 40 44 47 2 5690577
2 17 20 23 28 43 1 3309314
1 3 16 33 46 47 2 3814026
9 18 27 30 32 48 2 1631907
6 29 30 38 39 45 2 4096277
1 25 27 33 38 45 2 1888943
4 12 30 33 43 48 1 6704396
4 11 30 31 44 47 2 1650807
3 15 22 29 35 49 3 2251187
7 15 23 35 39 44 4 822207
7 11 19 24 32 39 15 352886
12 16 35 37 38 47 1 3911229
12 14 24 33 45 48 3 2217764
12 14 19 33 35 48 0 0
7 25 31 35 39 45 1 11157490
11 18 24 31 34 49 0 0
7 15 16 24 25 46 0 0
12 18 39 43 45 49 1 8855600
9 15 22 43 46 48 2 3644131
13 28 32 38 40 47 2 1829065
24 34 37 38 41 49 1 7573460
11 16 19 24 33 47 0 0
7 11 14 22 37 38 7 1338068
2 25 31 37 41 45 1 4037220
1 9 13 18 27 45 13 438784
1 2 3 8 30 37 1 3530702
3 13 29 31 36 45 1 6530710
11 15 20 27 33 40 2 1784043
4 7 11 15 28 47 7 694750
26 29 31 32 39 46 0 0
18 19 25 36 38 40 1 11925057
4 6 18 21 35 38 2 1760199
11 16 18 22 23 31 10 594246
14 20 22 29 33 37 2 1771936
1 10 14 30 36 43 3 2334736
4 5 9 13 29 47 0 0
1 9 32 34 38 49 3 3601068
15 23 24 27 43 48 2 1821604
1 6 13 18 20 49 4 1643704
11 21 25 27 30 35 0 0
2 9 15 17 40 48 4 5858764
6 8 21 25 30 45 1 3409321
6 14 35 45 46 49 0 0
3 14 15 17 19 47 2 6117805
2 14 17 22 38 44 1 5393488
2 14 26 30 44 45 0 0
9 12 29 33 44 47 8 1240917
18 26 28 30 38 46 1 3581694
8 33 38 40 48 49 0 0
5 20 26 31 32 40 2 6170472
1 3 6 19 21 26 6 957667
8 38 39 40 43 44 2 1993864
2 21 23 24 27 38 1 6346060
4 5 6 18 36 49 1 3643688
10 31 34 39 43 44 2 10000000
8 9 10 20 39 40 4 943161
6 23 24 25 30 49 0 0
19 29 32 33 43 47 8 1473103
12 19 30 34 37 41 2 3530184
10 25 30 38 44 46 2 1841473
23 27 30 37 38 42 3 2216029
8 22 31 32 42 45 1 3703856
2 14 19 26 34 48 6 1115533
4 6 8 19 23 29 8 345258
1 14 16 30 34 42 3 2415049
9 23 25 33 38 44 7 405953
5 7 13 24 35 40 3 2019655
7 28 34 43 46 48 1 3649107
1 9 10 12 23 40 4 1483169
10 17 26 29 36 37 0 0
11 19 31 32 36 45 0 0
2 6 20 24 29 32 1 16627894
2 16 28 34 41 42 2 3456768
16 20 28 29 41 45 1 4192368
1 3 11 12 20 24 5 1140630
15 16 23 27 32 44 2 1741485
7 18 34 37 39 42 2 3094212
6 8 14 19 20 44 5 655116
10 13 20 25 27 32 1 6469676
12 19 27 39 42 47 15 216650
6 12 30 39 45 46 4 1838268
2 13 20 36 37 40 1 4128013
7 15 20 28 40 48 7 2857143
4 7 12 13 16 29 5 567388
10 20 24 36 37 44 5 1406167
17 21 24 25 46 49 0 0
8 9 27 34 43 48 2 5609430
6 12 28 31 39 44 4 822407
8 11 25 33 37 43 4 1561567
5 17 20 31 33 34 0 0
9 18 20 21 39 48 4 2905346
1 7 15 23 27 34 2 1538665
5 6 26 41 42 44 1 6954473
10 18 25 28 37 43 3 1097849
9 24 28 30 31 40 2 3280113
6 9 20 24 35 36 1 3670990
8 14 25 36 38 47 5 1345761
4 8 18 26 32 34 3 1109309
17 18 32 35 39 48 2 3459386
5 11 24 26 34 41 4 879229
3 19 22 40 41 44 1 6431042
5 13 19 30 32 43 3 1127690
7 14 21 32 43 44 12 435925
3 13 17 20 21 30 3 1035865
11 19 32 33 43 44 1 5737443
10 15 19 22 24 32 0 0
8 9 11 17 45 47 2 5014594
8 10 42 44 47 49 1 3716227
1 25 27 35 43 46 3 2406221
4 6 10 19 40 49 2 1655264
21 22 30 31 38 48 4 2141915
5 9 18 39 43 46 1 3367911
7 14 15 25 27 40 5 1098199
19 26 30 34 40 44 1 3462775
13 19 27 36 41 44 9 711607
3 5 7 26 43 47 1 2823827
15 16 18 28 36 47 1 6321292
1 2 10 34 47 48 2 1849375
3 13 14 23 30 36 1 5566359
18 21 32 36 39 41 1 3614444
14 17 18 22 32 37 2 7500000
6 7 25 33 38 43 3 1038997
4 25 28 36 42 49 5 1284612
2 4 5 22 27 29 1 2730112
1 20 42 43 44 49 2 3513911
4 18 19 20 30 43 2 1544347
15 21 23 24 31 32 0 0
10 11 31 41 45 46 2 5082914
7 10 16 34 47 48 2 3013767
7 13 21 34 35 43 2 1456675
24 26 28 29 34 44 0 0
9 13 15 23 26 45 1 9796682
6 11 19 35 36 44 1 5461495
10 22 23 30 33 42 0 0
13 16 23 28 31 32 2 4932599
1 6 8 20 29 38 2 1499078
19 20 31 32 35 40 0 0
5 14 19 32 34 42 5 2054525
4 17 26 28 38 46 3 1859900
4 7 9 17 36 46 2 1446954
2 18 23 31 43 46 3 1911881
2 23 28 33 45 47 1 3188600
7 21 29 31 38 41 2 2668819
15 20 28 37 40 44 0 0
8 14 24 27 29 32 3 2928214
4 7 12 29 37 42 2 7500000
1 6 7 11 13 30 11 395540
6 21 29 32 33 47 1 3331512
2 9 10 11 13 16 0 0
2 3 14 15 21 48 1 8919798
15 16 18 36 37 49 0 0
7 22 25 31 44 47 5 2076385
16 18 35 36 39 48 1 6569034
13 19 25 28 34 45 0 0
12 30 43 44 45 47 0 0
11 26 36 43 44 46 3 5177425
7 10 24 32 33 45 1 5678712
10 21 26 31 48 49 0 0
5 28 32 39 42 48 1 9736131
2 6 8 21 41 42 1 3180880
4 5 8 19 31 37 2 2669310
3 6 8 14 24 31 5 534771
10 30 34 42 48 49 3 2183513
16 18 19 44 46 48 0 0
5 6 12 19 30 47 4 2209089
11 25 35 36 42 47 2 1732913
6 7 20 29 37 39 3 1971095
2 4 23 26 28 40 2 1505203
2 19 29 34 35 36 1 6195673
10 13 15 16 29 48 0 0
11 21 38 39 45 47 2 4849284
11 17 21 22 40 42 0 0
4 22 23 37 43 44 1 9083937
2 18 20 32 36 37 2 3114722
3 22 27 29 34 41 0 0
19 32 33 36 40 45 1 10109782
10 12 22 34 46 48 6 557774
9 18 22 26 37 41 3 1900095
11 29 33 38 46 48 1 3343256
4 11 20 35 43 46 2 3037927
5 16 23 35 44 47 2 1524969
3 19 35 38 39 42 3 1969022
1 6 26 29 37 48 2 1647306
2 13 30 39 45 47 0 0
1 13 17 26 42 46 1 10198792
23 27 32 37 41 43 5 1170988
12 17 18 20 30 35 1 3176617
4 20 32 44 48 49 2 3025134
1 4 10 17 28 35 1 2719964
19 30 33 38 42 44 4 1318643
5 18 34 38 40 45 0 0
22 24 29 31 44 45 2 4722532
3 8 12 23 34 46 5 579701
5 6 8 32 33 41 1 5646642
6 16 33 37 40 41 1 3442756
4 24 25 28 38 47 3 1860193
2 10 15 16 18 39 0 0
2 8 10 45 47 49 3 3077195
10 22 35 37 47 49 1 3496245
5 15 21 33 35 42 4 1250241
8 11 15 21 37 39 0 0
9 26 30 31 38 45 3 3089944
7 20 25 27 33 45 2 1440143
3 5 16 25 43 45 3 1705870
5 7 23 29 38 47 3 3333334
8 10 13 31 38 48 1 5557016
13 24 31 33 41 44 2 1487537
9 21 27 33 35 48 7 775214
16 20 26 35 43 46 3 1140850
3 6 7 29 46 49 1 5438971
7 12 26 33 35 47 1 2925211
8 18 24 26 32 38 9 553689
1 3 4 16 17 27 5 504904
8 12 15 22 36 48 5 1049415
18 19 21 32 35 39 1 3168574
4 22 25 30 34 42 0 0
1 7 15 25 27 32 2 4287464
2 9 12 22 25 26 8 541679
7 20 27 40 43 49 1 3146115
2 5 6 17 18 30 7 625483
9 13 22 39 48 49 1 3154131
3 12 29 37 43 46 6 2500000
16 18 26 32 38 40 0 0
12 20 36 39 44 45 4 2371361
2 6 7 23 27 30 1 2225601
1 10 17 23 29 35 8 1875000
1 14 17 23 30 47 0 0
6 10 18 19 22 43 1 8283740
2 7 24 30 31 35 0 0
9 12 13 15 21 33 4 4500000
2 15 16 17 26 42 0 0
3 9 10 17 34 48 2 4231736
11 19 23 31 38 46 3 956419
1 12 16 26 37 49 3 1975529
2 17 22 38 45 49 0 0
5 26 28 45 47 49 2 4771780
1 8 13 22 36 45 0 0
11 14 19 25 30 41 1 8481693
10 15 16 18 19 28 4 632315
1 9 10 12 42 45 1 5264099
5 6 34 37 42 48 0 0
10 15 18 25 42 48 0 0
8 18 19 29 44 45 4 3247501
18 26 33 38 43 44 4 1343304
10 11 13 38 39 42 1 3269422
1 21 25 27 39 42 3 1904554
9 25 28 37 41 48 0 0
3 4 8 9 30 32 8 2279990
3 9 15 16 21 29 2 1113653
1 2 15 23 31 48 0 0
11 13 28 34 37 45 2 4694529
7 24 30 44 46 47 0 0
3 16 24 27 30 48 3 3035651
2 8 23 32 35 39 0 0
6 22 25 26 28 44 2 4504230
3 6 11 20 34 43 2 2560776
7 11 16 32 42 49 2 1406411
5 11 17 23 40 45 5 963129
6 19 29 32 34 46 4 748596
4 10 18 21 43 49 3 1747728
9 19 25 29 30 38 1 2585618
9 11 15 24 38 46 1 5308755
10 12 18 20 22 47 1 2778211
2 12 33 39 45 48 2 2840140
6 9 13 17 21 24 7 333848
17 30 31 32 35 47 1 5882520
11 12 13 18 43 48 0 0
1 5 8 16 31 39 1 8430602
16 32 34 35 40 48 0 0
9 23 25 26 33 36 1 9278215
2 28 34 35 38 47 0 0
3 11 13 34 35 43 0 0
8 14 21 26 37 48 6 2329779
1 7 9 28 33 39 0 0
4 6 13 21 36 46 2 4401282
8 23 35 39 44 46 6 961451
1 7 24 27 46 48 2 1839979
3 18 22 27 41 46 8 612958
19 28 31 34 41 47 1 3511440
17 18 22 23 40 49 0 0
2 12 17 23 24 34 1 9382496
14 23 29 39 41 45 2 2868256
2 5 19 21 40 46 0 0
4 8 21 24 39 44 1 8485162
3 11 25 28 34 45 2 1458411
16 25 27 32 35 43 0 0
8 10 16 17 30 47 1 9022523
5 12 13 19 27 47 2 2216843
9 11 18 20 35 47 3 1018064
18 22 25 44 45 46 0 0
22 23 38 40 43 47 0 0
14 15 17 31 39 45 2 8556173
1 3 5 13 21 24 3 793532
1 5 8 18 42 48 2 2485736
6 21 28 34 38 41 0 0
6 19 22 38 39 43 0 0
24 38 40 44 47 48 2 7190550
17 19 20 35 43 45 2 2966481
11 14 17 34 37 43 2 1575311
1 10 11 18 19 46 2 2539881
5 16 30 38 42 43 2 1568212
13 21 37 42 46 48 1 5935128
7 17 19 26 29 41 0 0
19 21 25 33 37 41 2 4316624
4 7 8 11 24 40 1 2289919
3 9 12 28 29 38 2 2150862
9 25 33 36 46 49 0 0
25 30 34 39 40 47 0 0
1 3 22 32 38 44 1 14262546
3 21 31 42 47 48 2 2778609
7 19 20 29 41 49 0 0
1 3 4 5 17 37 3 2825320
1 3 26 34 43 47 1 3266159
5 6 10 15 27 49 2 2386386
23 32 33 42 43 45 2 1539612
14 17 23 28 42 49 5 1005820
10 11 15 18 19 40 1 2737608
4 29 35 44 46 49 3 1920042
10 22 28 33 37 39 0 0
1 4 5 25 34 46 0 0
11 15 18 24 34 44 0 0
1 4 6 18 19 40 6 3693086
5 22 26 40 42 43 1 3187556
5 8 9 26 29 44 0 0
1 12 23 26 35 45 3 2714938
7 22 35 44 48 49 2 2716963
22 26 29 31 35 42 1 3163361
2 23 28 31 42 45 0 0
5 18 21 24 38 48 0 0
16 21 24 28 31 33 2 7532447
11 12 15 29 37 43 0 0
6 8 21 25 43 47 4 2248311
5 10 11 16 17 33 2 1259073
6 9 31 32 40 47 0 0
6 27 33 38 45 47 1 20100472
1 3 11 16 23 36 2 2448478
6 9 13 15 40 43 2 1544148
22 27 30 31 48 49 1 15000000
10 11 14 21 25 42 1 2852742
3 13 17 29 40 48 2 2684767
4 7 8 10 17 22 2 1045860
8 11 28 33 38 41 1 5195460
11 12 19 47 48 49 1 3206315
13 14 31 32 37 41 1 6119707
6 11 12 13 36 42 1 2889926
1 2 19 30 44 49 0 0
10 12 13 19 31 46 4 2213141
6 7 10 20 37 44 4 1263778
12 25 27 32 37 49 1 3293591
3 5 10 25 43 47 2 2353332
1 10 27 35 39 48 3 1108658
5 8 19 30 35 42 2 2399952
3 11 17 21 33 44 8 275033
5 10 13 14 28 42 2 2203479
12 19 40 42 46 49 0 0
3 10 28 29 42 43 1 8834078
4 14 23 31 35 41 2 1551010
1 5 6 31 33 41 1 5372481
6 11 12 19 37 44 2 1247863
6 17 22 27 30 34 0 0
3 7 14 17 18 43 2 3910576
25 32 33 36 45 46 3 2069730
10 13 19 25 31 33 1 2683389
22 27 33 37 38 40 4 1489319
9 11 21 39 40 46 2 1584942
3 8 9 26 27 47 2 2271988
5 25 33 35 36 39 1 3374280
2 26 29 36 39 40 3 2608128
13 27 37 40 43 49 0 0
4 10 12 13 14 22 4 2149267
11 14 20 24 28 36 0 0
1 4 8 26 28 36 4 2132869
6 9 15 23 38 48 3 935110
4 7 9 10 43 46 3 1705629
7 18 27 31 36 49 4 721083
8 9 35 38 42 45 1 5629507
11 12 16 26 35 39 2 1556970
7 9 19 23 27 49 3 1313812
7 11 19 25 31 39 1 2297577
5 16 22 25 27 30 4 1117972
4 12 27 44 45 47 1 2850217
4 22 30 41 43 47 0 0
4 6 9 12 15 40 2 3987470
5 8 15 20 42 48 1 2860767
7 10 17 28 29 33 5 3000000
4 5 31 33 38 42 0 0
5 20 30 32 35 38 0 0
15 24 28 33 34 47 1 14446469
5 15 23 30 34 42 5 3000000
3 12 14 22 33 40 1 2919576
3 8 27 38 44 46 1 5122412
2 19 28 33 44 49 4 714075
19 22 33 36 43 44 3 1779010
12 18 22 24 32 33 0 0
11 18 20 23 32 48 1 8874475
9 13 18 29 30 49 0 0
10 16 19 30 35 45 1 8821256
17 25 30 32 36 37 0 0
8 14 25 40 43 48 2 5011091
3 6 15 16 33 48 3 960695
6 19 24 26 27 49 1 5282794
14 21 25 39 40 47 0 0
1 2 8 9 41 48 1 9231428
3 7 9 21 35 39 2 1212459
6 8 18 33 43 49 1 5278446
12 14 25 30 32 38 0 0
5 21 23 28 40 48 0 0
1 11 23 26 29 31 3 3964330
18 26 27 29 34 42 2 2613151
22 26 36 43 45 49 0 0
14 22 25 27 45 47 1 9420864
14 23 36 40 41 48 0 0
25 26 32 39 40 42 1 9995614
13 26 27 38 41 43 1 3177338
3 18 25 29 31 43 7 684008
2 15 20 24 32 47 0 0
2 23 26 30 39 47 3 3045705
30 35 38 41 45 48 3 1133185
2 6 21 34 35 49 0 0
1 6 11 17 29 43 3 3003035
12 18 22 33 43 48 1 5140514
4 19 22 27 28 47 2 1258381
14 34 38 43 47 48 3 1930787
14 18 29 33 37 39 0 0
10 16 21 24 34 46 2 4535773
3 11 17 19 20 41 2 1235180
6 8 13 15 21 40 5 980846
11 13 26 34 44 48 1 2982281
1 2 18 25 34 45 0 0
7 11 12 37 42 45 1 9001406
4 7 26 41 42 49 0 0
1 4 7 44 47 48 2 4393710
15 23 27 38 44 49 1 15000000
7 12 23 26 29 44 2 1183917
8 25 33 35 38 40 0 0
3 12 17 36 44 49 1 9476995
7 20 22 23 34 37 1 15000000
3 25 36 39 42 47 0 0
2 3 21 24 38 44 1 8536431
4 29 39 41 43 45 0 0
7 12 16 24 29 37 1 18268465
10 12 13 17 31 37 2 1440772
3 9 13 35 43 45 0 0
2 10 30 36 37 43 2 4568284
3 6 7 17 30 34 2 2209932
8 15 30 31 34 43 1 3074019
19 22 30 35 44 48 2 2704534
3 10 13 22 31 33 1 2372684
7 11 12 20 38 44 3 1481086
1 40 43 44 48 49 0 0
6 13 17 23 32 43 11 774505
4 10 14 21 32 49 1 2883775
14 26 34 35 36 45 3 2039506
1 5 7 41 43 49 1 2907275
1 8 24 27 34 46 1 5476246
15 20 22 25 35 39 1 3108523
9 21 23 31 40 46 2 2634670
2 23 33 35 40 42 0 0
2 11 27 29 36 44 4 2006940
21 32 41 42 43 46 2 1628360
4 6 31 42 46 47 2 2767607
14 17 23 30 34 42 1 2811493
1 14 20 22 25 26 1 5254612
5 7 13 15 19 45 1 2226114
4 7 29 30 42 44 5 867454
7 18 20 21 29 47 1 2610832
18 20 22 30 32 39 3 1831492
10 14 26 28 33 38 1 2794039
2 5 13 30 39 49 1 5269472
19 25 32 47 48 49 0 0
12 13 21 26 32 39 2 4459670
1 15 23 30 45 49 3 980499
12 13 25 30 45 47 3 1792430
4 9 22 24 30 41 1 2666676
4 9 10 19 24 37 1 4528016
14 33 36 39 42 46 0 0
19 27 28 34 39 46 2 4462150
7 14 29 37 41 45 1 2893361
2 10 11 28 36 47 6 815430
2 8 11 12 22 26 6 341758
20 23 25 30 31 48 1 5382733
7 9 17 22 27 40 3 691252
7 11 15 21 35 47 8 530969
5 6 12 13 31 45 1 2481932
17 21 25 27 30 37 1 15000000
6 8 10 19 30 42 1 2192470
6 9 11 33 36 49 1 5601968
7 13 31 43 45 47 1 2746767
8 14 19 28 29 48 5 3000000
5 6 8 19 34 38 1 2593004
4 8 16 23 28 47 6 763392
2 3 7 24 46 47 1 2781195
1 25 26 27 39 49 5 1173072
9 14 15 18 26 46 1 2778772
9 18 22 29 30 48 3 1623367
5 11 13 17 44 48 0 0
1 3 6 22 23 39 3 2550102
9 27 28 31 41 42 0 0
4 9 15 25 30 40 3 2562460
5 11 12 16 17 45 3 812931
9 23 32 35 36 40 2 2801535
5 9 27 35 42 43 2 1265098
7 14 24 37 43 48 4 1291901
15 16 19 28 38 42 2 1327182
1 16 22 32 33 40 0 0
1 11 14 35 37 42 0 0
4 9 13 29 31 36 4 3570063
1 14 21 30 35 48 0 0
7 10 22 24 34 44 3 2532137
4 8 16 19 34 40 1 2523614
2 6 10 17 29 30 10 390591
2 6 18 36 37 44 4 681025
9 17 18 21 23 39 3 1491257
1 2 16 22 26 49 1 2667773
5 6 7 18 28 40 1 4198916
7 19 26 38 44 49 2 1290203
7 15 19 23 37 48 4 1184289
3 9 33 44 47 49 1 2470696
9 24 30 40 42 48 0 0
1 27 32 33 45 48 2 4420840
10 29 31 32 36 47 2 2905372
9 11 22 39 40 42 1 2709955
2 7 11 21 33 34 4 1023801
8 13 28 32 36 46 0 0
3 15 21 22 36 47 2 4095381
3 10 19 33 35 38 0 0
6 16 17 22 24 45 1 17677966
1 17 25 29 41 46 1 2924309
5 8 12 24 28 31 8 480025
4 16 32 34 35 37 0 0
4 6 7 9 28 39 1 18051588
6 9 11 14 33 48 0 0
14 27 32 39 41 47 3 2637301
4 7 10 33 35 49 4 650559
25 26 33 40 41 47 1 5526247
8 16 27 38 44 49 0 0
9 14 21 23 39 44 5 1472321
11 12 34 39 44 48 0 0
18 28 33 37 39 42 1 8036203
7 17 29 33 42 45 3 768822
6 10 19 29 32 42 7 615193
18 20 26 27 28 39 2 1369847
6 12 19 20 38 39 3 1589969
4 21 25 37 45 46 0 0
20 22 23 26 31 47 0 0
7 17 27 30 33 39 1 11544846
4 5 16 19 21 49 4 1110466
5 8 9 18 41 47 0 0
3 11 13 18 26 31 3 2254572
2 4 12 16 18 41 0 0
24 30 38 43 46 49 1 8584352
4 8 16 20 25 31 1 2288962
6 29 31 34 40 48 1 5433861
6 16 20 21 23 37 1 2697814
10 17 24 31 42 49 2 2436040
19 21 22 38 44 49 4 669219
3 8 20 22 34 40 2 2462462
5 7 14 29 37 38 0 0
2 15 21 37 43 46 4 2010257
8 15 17 40 43 48 0 0
11 12 16 33 34 43 2 4128683
3 21 29 35 38 45 2 1411571
6 26 28 35 42 43 2 7500000
2 3 16 27 44 48 1 2476003
8 12 13 19 26 38 3 1454780
12 14 16 19 27 32 0 0
4 13 23 24 26 36 0 0
14 16 24 26 27 39 0 0
8 15 24 31 37 42 2 9355603
6 12 36 39 41 48 2 1487099
15 18 23 31 37 49 1 5299849
2 7 10 14 16 22 4 479126
4 5 6 12 20 29 4 1016840
9 13 14 20 31 35 0 0
17 30 33 40 42 43 1 8495189
2 18 31 38 39 46 0 0
23 24 28 33 34 41 1 8899965
2 3 17 22 40 42 1 2543170
1 19 20 32 42 46 0 0
14 15 24 31 45 49 2 4503354
4 7 31 38 44 48 4 1154036
17 20 31 40 42 46 2 1486961
9 11 15 31 42 46 0 0
2 5 9 12 22 32 1 6979907
5 8 10 18 20 46 2 2192219
4 12 14 20 46 49 3 908711
5 8 11 27 30 46 3 1372693
4 10 21 22 25 38 4 607539
10 16 24 37 44 49 2 2686952
16 27 29 34 39 45 0 0
1 2 7 11 37 45 3 2482376
4 6 30 36 43 44 1 2638211
15 25 29 35 39 40 1 5379770
1 2 13 29 33 49 2 1289184
5 8 12 20 28 48 4 1006168
12 17 21 25 31 37 1 2487503
4 7 26 28 39 49 5 919063
2 8 10 31 46 48 1 2543691
4 15 21 23 24 38 4 1173269
13 14 21 30 43 49 0 0
13 17 39 46 47 49 1 8471383
6 16 18 29 30 35 1 2561750
22 26 38 39 41 42 0 0
1 2 4 38 42 43 1 9002814
6 18 40 43 47 49 0 0
1 6 26 34 39 42 2 4421533
5 18 26 34 42 49 9 546480
4 15 34 40 44 46 1 2928483
1 5 11 19 28 36 5 772906
4 14 25 35 42 48 1 2703190
1 9 16 34 38 41 0 0
6 21 24 38 39 48 2 4206341
1 9 14 20 43 44 2 2403495
15 19 29 35 44 45 4 679618
9 14 26 28 30 45 4 1128663
2 5 19 23 32 41 2 1199713
3 35 39 42 44 48 1 5143775
11 14 19 35 46 49 0 0
23 24 30 31 33 37 1 8372751
8 11 21 32 35 42 1 2459554
13 16 23 29 36 49 2 2394563
8 11 17 30 32 41 2 1263584
14 20 21 30 41 46 1 5274577
1 7 25 31 32 39 2 1293634
11 17 24 28 41 47 4 1146742
11 18 25 27 39 44 2 1170140
4 33 34 38 39 49 3 1825698
8 9 19 34 47 49 1 2557161
3 6 9 12 40 43 6 683311
9 20 22 24 27 28 0 0
17 19 20 32 36 48 1 7923399
3 19 31 32 36 40 0 0
3 15 19 24 28 34 3 2482831
2 20 22 25 41 47 1 2745415
1 10 33 35 38 43 0 0
7 21 22 28 37 40 2 4018314
2 3 23 33 40 46 0 0
13 19 24 30 40 48 4 1992696
8 17 33 41 43 45 3 1633505
13 16 22 43 47 49 3 925940
6 12 19 25 31 41 12 347471
7 13 23 40 41 48 3 891682
10 11 17 34 38 46 1 4920794
3 13 22 32 44 46 3 845147
16 22 28 30 33 35 3 1655605
3 9 10 12 46 47 5 479142
15 27 35 37 38 39 1 5248063
12 31 33 39 41 45 0 0
3 10 21 25 29 49 3 2438155
3 18 21 24 36 38 3 836243
4 18 22 27 44 48 4 1020728
3 6 15 23 28 42 3 698095
12 23 25 26 34 49 1 4771402
3 9 12 13 20 43 0 0
6 10 11 19 22 46 2 3115742
2 5 15 34 35 43 1 2727777
2 12 26 32 37 47 1 4986272
18 31 35 39 40 42 1 3006244
7 13 17 33 40 42 3 1442641
4 6 11 17 31 41 1 2214747
3 27 34 41 42 48 0 0
11 24 26 35 39 40 1 8531595
4 10 20 24 39 49 2 2443024
4 13 18 21 30 46 2 1291036
3 7 12 21 25 36 5 716766
2 5 6 13 25 47 2 1101769
3 12 15 18 30 31 3 1350973
2 8 16 24 32 41 10 252078
1 9 10 11 16 49 2 2077095
1 17 24 26 30 49 2 1298223
5 6 18 22 24 38 2 2093275
1 9 24 27 36 45 1 2537555
7 11 12 36 38 39 1 4706935
10 12 22 32 45 46 0 0
4 15 25 27 33 40 8 962302
14 16 24 28 45 48 0 0
6 8 10 13 22 32 0 0
9 12 20 25 33 35 0 0
3 10 22 25 31 49 2 8829737
2 6 9 13 17 36 3 724242
5 11 13 18 25 35 2 2053719
4 5 21 35 37 42 3 909414
11 16 20 22 27 46 1 4800414
6 8 24 25 32 47 0 0
1 14 25 37 39 47 1 8194918
11 15 25 33 44 45 0 0
12 24 33 36 39 42 1 7603209
2 8 13 18 26 39 3 785425
4 6 10 11 24 33 3 1254321
19 20 23 42 44 45 0 0
12 22 25 43 46 49 7 1173613
11 13 21 33 36 47 1 2571477
11 13 14 16 21 44 2 2305883
8 14 18 23 27 44 4 548030
4 13 23 28 30 32 4 1106528
13 15 25 31 37 39 1 2749929
2 3 12 20 33 49 1 4556043
14 24 26 28 44 49 4 649657
6 11 15 18 34 45 2 2332812
8 13 17 22 29 42 0 0
6 10 30 32 43 45 0 0
4 12 13 15 30 36 0 0
1 2 6 13 38 43 1 18992109
7 8 27 37 40 46 0 0
5 7 18 22 25 34 2 3681300
2 5 12 15 30 48 0 0
2 14 26 29 31 40 2 3880722
9 14 24 28 32 41 1 2631895
9 18 21 24 37 48 4 1212400
7 17 29 31 39 44 3 805120
8 11 16 25 39 46 9 534848
16 29 30 32 38 45 1 2964163
1 8 12 20 29 49 6 748069
8 14 16 39 43 47 2 1413394
4 15 18 30 31 47 1 4807426
1 13 26 38 41 47 1 2855067
2 23 37 40 48 49 1 5298298
5 21 22 25 27 35 2 1188004
7 11 14 27 45 48 4 1048419
3 22 27 33 45 48 1 2507250
11 17 28 31 40 43 2 2367330
2 6 21 23 43 47 2 1251781
7 23 30 41 45 49 6 822511
1 6 8 14 17 32 3 753154
4 17 22 44 46 49 1 4597264
4 10 14 29 31 38 1 2401257
5 19 24 38 42 46 8 584068
10 15 23 34 39 41 0 0
1 4 16 37 39 40 0 0
15 31 33 35 41 44 1 12464996
2 15 17 32 36 42 6 803201
9 10 12 16 30 31 1 2123346
4 14 18 24 32 40 3 1477059
3 4 29 34 41 42 0 0
3 11 12 41 46 47 2 3980528
2 23 38 41 47 49 1 2778125
3 6 10 26 30 38 3 1347457
10 25 28 36 45 48 1 2640951
15 20 22 34 37 39 2 2607873
19 27 35 37 39 42 1 2691514
5 9 14 37 38 44 0 0
1 8 22 28 35 44 0 0
7 16 17 23 29 34 4 3038567
12 26 34 39 40 45 0 0
8 9 11 16 18 22 8 859939
11 12 22 23 24 36 10 235588
7 12 19 23 46 48 8 524020
3 4 12 23 30 31 3 673106
2 22 26 28 30 39 2 2349055
2 3 9 15 26 29 2 973952
16 27 28 29 30 42 1 4787932
3 12 17 18 22 42 4 519729
6 9 13 18 29 30 3 1218618
15 17 33 35 39 40 1 2874098
3 11 19 24 33 35 4 1013498
4 26 28 32 44 46 1 2561513
8 15 23 32 35 49 5 933042
7 9 23 30 47 49 0 0
9 10 17 29 33 40 3 2340505
5 9 10 11 23 26 6 284503
2 3 9 34 35 41 0 0
1 29 32 33 34 38 0 0
9 16 23 26 27 42 5 2716570
8 14 33 34 35 43 0 0
2 14 27 31 36 44 4 1925567
3 5 7 9 24 35 4 448851
4 6 9 13 35 36 6 737319
7 15 16 19 22 48 1 2297305
5 21 28 29 40 44 1 4551108
3 9 11 24 29 43 2 968782
5 15 20 22 24 47 1 4493783
1 14 21 24 35 46 0 0
11 21 27 38 40 44 1 7527304
6 27 29 38 42 49 0 0
17 18 28 29 32 40 1 8034297
9 13 24 25 42 48 0 0
20 21 23 24 27 28 11 713924
1 8 15 18 34 38 2 1275972
3 10 12 30 39 40 4 1134695
1 12 29 35 37 40 0 0
1 20 31 38 43 46 1 8571844
6 10 12 15 20 27 4 488366
18 19 25 30 33 43 3 1591090
2 11 13 27 34 43 4 593100
15 24 26 27 33 34 0 0
1 5 13 20 27 45 5 1558606
14 17 30 37 38 41 2 2630225
5 7 18 27 31 33 2 1017166
4 12 34 35 38 48 2 2522872
3 6 13 23 27 49 0 0
10 34 35 39 43 47 1 7649917
4 12 19 21 34 44 2 1093846
10 12 20 37 39 48 0 0
9 11 23 27 29 33 1 7544200
2 4 16 28 37 47 2 2283989
10 15 17 26 46 49 1 2674438
3 9 11 23 36 44 10 350384
2 10 24 31 37 47 1 3336065
7 10 24 39 40 42 1 3430704
3 11 15 33 36 45 3 1014308
9 19 36 37 39 49 2 2543848
1 8 27 32 39 45 1 2715451
5 8 11 15 38 45 1 4205574
3 18 28 37 39 42 0 0
1 7 9 33 36 38 4 1918926
3 25 28 29 32 45 1 2666112
24 25 26 38 39 40 4 1396284
4 29 37 39 40 43 0 0
1 4 13 15 35 38 1 8328317
4 24 31 33 36 40 0 0
3 7 24 25 26 41 1 7479590
9 14 16 38 46 47 0 0
2 4 17 19 38 45 1 7769924
5 23 24 29 39 44 1 3325788
18 22 26 42 45 46 1 5130824
6 19 25 32 37 39 0 0
6 25 33 37 42 43 2 3938641
3 21 25 32 37 46 0 0
6 21 30 32 33 44 2 3951799
6 9 20 21 31 34 1 2525485
9 16 25 29 31 37 5 883679
2 5 22 25 39 41 1 2503931
1 31 32 33 36 38 0 0
13 23 26 27 37 49 0 0
2 17 19 28 31 47 5 2783114
3 5 14 19 24 40 0 0
11 18 28 32 36 39 0 0
8 10 21 23 25 48 1 10784075
6 11 24 30 32 45 1 4651327
5 9 18 23 31 39 2 1066879
13 24 33 35 42 49 1 4863549
11 21 34 42 43 45 0 0
7 14 17 39 41 49 1 7871010
1 15 35 42 45 48 0 0
10 17 25 32 34 40 8 1008444
1 8 10 13 20 34 1 2317069
6 9 28 31 37 42 2 2213837
13 16 19 31 37 47 1 2700948
1 5 9 27 42 45 3 1316462
9 10 30 37 45 46 0 0
12 17 32 41 44 48 2 3906077
2 12 24 31 41 48 2 1258763
2 5 19 20 33 43 5 873252
4 6 22 31 33 35 0 0
6 14 32 35 41 42 4 1885518
3 8 21 23 30 46 1 2216540
1 13 18 36 43 48 2 2390831
8 10 11 14 28 36 0 0
3 4 17 24 29 40 2 3262341
10 17 20 21 23 31 0 0
9 17 25 26 31 42 2 3276391
1 2 11 31 38 43 1 2495068
14 16 26 39 44 48 0 0
10 16 21 22 35 49 1 7985672
4 6 10 28 35 39 2 2203775
5 8 10 29 39 41 1 2473609
9 27 28 33 39 41 6 762709
2 22 23 31 35 40 1 2665282
8 17 30 32 38 40 3 1579937
3 13 19 20 23 26 1 2055447
2 6 27 28 40 49 1 4593096
1 16 18 32 39 44 0 0
9 17 26 32 33 36 1 7474168
9 20 21 27 39 40 1 2612973
16 31 32 46 47 48 1 5232847
10 23 26 30 41 45 1 2631541
18 23 24 36 43 44 0 0
3 9 11 17 27 48 3 2223990
9 18 34 37 39 47 1 4908817
2 4 7 27 28 35 0 0
12 19 22 26 36 41 7 972256
2 11 23 28 35 39 0 0
18 20 24 30 43 44 2 3817895
18 23 34 44 46 48 2 1367427
18 20 31 33 43 45 1 5109794
23 25 28 41 46 47 1 3681197
3 5 17 32 40 43 1 4525058
2 10 15 28 36 41 3 836446
14 21 23 32 36 46 2 2430341
26 27 28 43 45 46 2 1434182
17 36 37 40 43 45 2 2610240
5 11 24 32 35 42 4 595593
11 25 27 32 37 43 1 4556769
6 12 16 19 33 44 1 2059106
5 9 12 31 32 38 0 0
24 25 34 38 41 43 0 0
12 18 26 35 40 44 4 3204588
1 2 23 39 42 49 0 0
19 21 39 44 45 49 0 0
4 6 12 31 38 48 2 5725012
1 5 9 20 23 39 5 844570
1 4 12 13 18 19 1 2076538
9 24 30 32 36 40 0 0
3 6 11 17 23 29 8 850513
3 4 27 30 36 47 0 0
2 19 22 25 34 47 2 3786303
8 20 36 43 45 49 2 2625215
5 13 31 36 40 41 2 1408235
3 13 22 23 39 45 2 2166793
2 20 34 35 40 44 1 2900560
1 20 28 33 40 45 2 2507394
15 18 26 32 36 37 0 0
2 8 23 25 36 42 0 0
5 14 27 29 34 35 1 10257210
